GI/GI/发布/Application Files/GI_2_0_0_10/srtm60.grd
DSAA
300 300
97.00416666 101.98750006654
20.00416666 24.987500006644
99.999999424626 3321.000131662
[rows 220 to 239 of 300, columns 0 to 43 of 300]
165.9999986338252 166.9999973490781 168.9999963761918 193.9999759622538 290.9999767343045 409.0000779167602 562.000022284174 545.0001161115368 667.0000469036556 830.9999860336095 641.0000419566785 705.0000139306275 828.0000474457586 857.0000021711308 801.000042818005 771.0001409795922 670.0000484656584 550.0000111398886 396.0000599441606 483.9999068228002 594.9999246097809 745.9999256269889 796.9999690755556 412.0000566416303 538.000049734929 578.0000872356288 595.0000684680832 486.0000656615945 820.0000281846386 1090.999981968226 791.0000704678558 1184.000007515595 974.0000445522657 1200.000037748338 1319.000046265768 1502.000047058857 1691.000034314257 1891.000016027132 2022.999980828871 2064.000038222402 2065.000046395309 1885.000024772786 1806.000069008055 1818.999931387421
165.9999979448237 166.0000002889438 163.9999947929723 172.9999859395199 291.9998872764124 468.999920674816 577.0000265852658 782.9999264074575 1029.999993152899 948.0000722452018 914.0000759529545 945.9999834694729 966.0000897493123 1129.999988969343 961.0001172904422 1207.999934344024 932.0000864492818 697.0000891344271 611.0000099506217 352.0000539962422 443.0000170730863 340.0000287269856 401.0000206437396 520.0000402044625 814.9999319561839 979.000067718655 1034.000101466398 871.0001302399332 855.0000986906953 1020.999939566451 785.0000395287273 1178.999965561538 1129.000069145886 1254.999989403322 1414.999993344576 1572.999930637845 1618.999988861937 1881.99999424292 1951.999984002312 2039.00002705094 2212.999977884988 2065.000045822984 2115.999970174288 1652.000099388371
160.0000013054969 160.0000038874284 158.9999997314417 162.99999922821 166.9999924901601 200.999956536966 569.9997951694471 876.9998584080263 1071.999937170563 1014.999961105122 1165.999994094996 1150.999993943115 1096.999926948849 1067.999967672697 1204.99995181848 970.000063848446 911.9999932752367 629.0000595979529 505.0000433359558 582.0000758442017 575.0000415664218 592.0000185139509 736.000090440577 752.0000711221881 724.0000270643926 912.0000119682291 1257.000000265234 1385.000054306469 1298.999981482539 983.0000751263813 875.999997122562 931.9999581890409 1212.999936201407 1091.000011406088 1277.999941644964 1280.999943841723 1376.000003616985 1665.000050418235 1889.999987249016 2045.000001199543 2164.000010259684 2232.999983438336 2104.999989676363 2001.999871650759
155.0000048783018 158.9999965216517 160.0000005251607 161.9999968485291 165.9999953499009 178.9999806330736 334.9998615504148 644.9998415210641 651.0000375577802 762.9999101695647 711.9998923692581 781.9998650771551 717.999994732985 775.9999711286909 1027.999886918315 1172.000010977295 986.0000109967107 735.0000760341619 698.0000431845203 983.0000424007695 819.000088572587 849.0000092735775 1109.000055884337 1058.000141051584 928.0000951810305 1168.000046766186 1347.000125491564 1450.999996932614 1226.000046889328 1102.999973641419 1004.000062481487 854.000068511436 850.9999766778858 1027.999958473152 1001.999970272887 1046.000030687071 1330.000060288142 1631.999899873101 1751.00001520877 1939.999947803999 1939.999860621342 1904.999961115817 2033.999944169565 1990.999989687029
156.0000215485651 154.999991883586 153.9999958331023 150.9999983032238 158.9999932668613 173.9999855766913 183.9999962118611 314.9998682965519 333.999984832548 316.9999948042505 354.9999675246985 453.9999875217245 668.0000196108285 960.9998935575743 963.9999559665388 1189.999921057199 1220.000010331106 998.000146930432 1050.000118895976 1350.999972122292 1164.000083785561 1189.000087315984 1395.999990406022 1633.999981787519 1683.000047813493 1690.000085534195 1659.000049707614 1512.000011383802 1301.999997626333 1230.000102058158 1350.999972150963 1220.000038180443 976.000014350514 869.9999694810473 910.9999905464241 1022.99998653524 1177.999996654238 1285.999970004979 1511.000029172011 1698.999900149786 1523.999912484426 1588.999967458069 1693.999958511628 1948.999984209856
237.000009185201 161.0000234147153 144.0000039490976 147.9999970789226 150.9999978178224 158.9999944437583 159.9999996076579 163.9999926965484 168.9999915181688 312.9999051055912 646.999840294372 653.9999682588127 977.9999474154544 818.000099557129 965.9999015020732 879.999898538362 992.9998331687182 1067.999890463707 1195.99991789546 1232.000015438334 1189.999971514451 1288.999934233242 1439.999952437275 1534.999931513792 1464.999953027076 1686.999915821781 1776.999965357719 1544.0000470824 1363.000081411061 1523.999976775012 1346.000068457807 1361.999943556463 1177.9999222423 911.0000252750924 858.9999978208074 896.000002057702 995.9999470653482 1088.999980399363 1225.999997454177 1448.999881162371 1219.999967121971 1334.000017241064 1499.000081275163 1774.000162261384
294.9999739716268 162.0000632457684 153.9999994673647 144.0000000626924 154.9999982794728 157.9999988893695 163.9999991140243 157.0000049749117 167.9999975448628 186.9999964318874 297.9999379363283 468.9999391333545 671.9998527526855 976.9999084812669 591.0000449282804 528.9999752836964 739.9999841881911 1059.000016734077 1306.999999573357 1204.00001132852 1126.000009843765 1120.999982249655 1227.999955480823 1276.999986866706 1440.999941151833 1383.999986099729 1544.999953234805 1701.999938265238 1664.000014057673 1579.999999437286 1459.000015993665 1253.0000931307 1222.000007671303 1146.999955385099 798.0000400368522 809.9999961404481 858.9999889857083 871.9999788811958 1002.999981890501 1105.999885365027 1031.00005485659 1323.000093890953 1506.999999010186 1728.999984723744
206.9999949387642 240.9999875557435 179.0000892025927 137.9999984274651 153.9999940012201 157.9999944651651 159.9999984460741 161.999994253532 165.9999974553258 216.9999587146128 321.9999672587001 263.0000035847505 286.9999782603706 413.9999343173324 463.9999633309575 505.9999382337546 787.9998788581295 1244.999837727089 1167.000017943075 1200.999963174771 1173.99998093765 1120.999995338422 1125.000009533492 1181.999981653197 1259.000035475235 1374.000058551147 1305.000015128866 1263.999954775426 1412.999910775839 1299.999920316926 1327.999899410224 1346.999920741962 1344.999937706609 1209.000045183853 1139.000011991649 822.0000428724337 841.0000119120155 816.9999866725304 809.9999816309987 878.0000225871158 1090.000061709759 1297.999881324566 1224.999961919282 1387.000089430917
171.9999956097107 194.9999763747909 178.0000637072959 140.0000052853202 141.9999934171502 155.9999980469512 159.9999963630033 158.9999971466827 157.9999997234785 172.9999899838676 228.9999850104847 231.0000008513989 366.9999367876366 323.000096096593 434.9999705179035 530.0000404486134 577.000057963372 753.0000261425081 1002.000030964231 1136.00002368356 1100.000021204664 1094.999991125699 1090.999984076192 1098.999996816612 1299.000009284442 1616.999951319923 1379.0000537554 1103.00001734103 1150.999951843737 1048.999971134623 911.9999663720021 881.9999382849953 895.999944214836 1021.999922263032 1030.999928941202 968.9999321812182 916.9999613377503 797.000031652306 770.0000045834249 792.0000028335389 965.9999218682827 937.9999884756975 1020.99999384331 1231.999988201409
164.9999941332467 160.9999962849144 170.999989891546 146.000004815167 141.9999881918124 153.9999937620662 151.0000029888108 156.9999982261179 162.999997200961 166.9999974252182 231.9999492158252 206.999971966097 353.9999606253106 763.000018833164 578.9998968611546 738.999881721537 743.9999297236476 802.9999245459316 1054.999924024825 1108.999922222061 1102.999906745317 1017.000056591269 1006.999982538607 1064.000010850484 1300.999990385684 1412.999973187298 1354.99992239087 1105.999973170685 998.999962134586 910.0000102921594 859.0000249895525 805.0000194796378 776.0000221176045 768.9999977180318 760.9999988151599 748.9999945815823 768.9999850494666 776.9999755824431 773.9999780930502 749.0000020359339 787.9999943779183 802.9999939055011 858.0000032644082 1065.999927024335
160.0000008351254 155.9999942261049 159.999993460028 147.000003378998 139.9999989472011 151.9999927468234 153.9999968202569 153.9999997279674 159.9999949680355 164.0000002115874 167.999995853294 179.9999862374256 434.999940800162 832.9999760699549 292.0000734024309 381.999874893881 412.9999376586046 657.9999582070544 643.9999488176818 859.9998789743059 859.9999593349428 1041.999927204705 951.9999979438725 1268.000008814888 1352.999997480119 1236.999967362589 1083.999998021254 1090.000010112853 969.0000144733272 952.0000035511624 1080.999975087549 1004.999985087148 926.0000138005096 878.9999954225068 788.9999956124379 785.0000002700235 744.9999982649006 743.0000002723916 742.0000014767387 746.9999972760238 750.99999847133 759.0000039254155 815.9999906018065 864.0000333841351
157.0000018307215 152.0000046041784 150.0000007668324 148.000002612552 133.0000023618695 145.999993101476 145.0000028805593 150.0000015626394 157.9999939399693 161.9999966255042 163.9999959673347 177.9999797278865 629.9998305151444 785.999979474838 276.0000995238422 238.9999543897385 410.9999485713629 561.9999445267663 447.9999749326213 651.9998940385539 747.9998543081438 686.0000246633175 1010.99998586689 1311.999995406639 1531.000018410558 1291.000050894284 1112.000046012679 1156.000025892302 1062.00007279016 980.0000156332466 1074.000032588738 1017.000032742448 926.9999959264994 866.9999855852204 799.000010334678 802.9999926025264 748.0000076585454 744.999999703463 745.9999966016899 744.000000745258 744.9999998479941 745.0000014872479 758.9999994723457 822.0000146048574
170.9999997757821 176.000006022746 171.0000311979533 141.9999971940219 133.0000040923814 143.9999945240438 149.9999980474861 151.000001074305 157.9999968395661 157.9999967097301 160.9999985305167 162.9999838153727 429.9998218609158 805.9999838499236 344.0001455309568 182.9999833564647 319.9999259771057 394.0000187211402 593.0000108148356 551.0000990010014 790.9999664836043 847.0001138040899 1023.000019988535 1271.000005813701 1554.000004836361 1408.000014080833 1268.000015926354 1201.000024568474 1222.999978850636 1020.00003859279 1073.999964223565 1146.999981220223 1015.999952451408 862.0000057981404 828.0000103137473 805.0000011121698 758.9999981284998 748.9999991608731 744.0000012654784 746.9999995521663 746.9999997182322 750.9999983618268 748.0000002009471 747.9999976998072
159.0000004321641 154.0000003761697 254.9999573260425 175.0000395677471 134.9999972407838 143.9999907519187 148.9999976795911 154.9999958555705 146.0000042587841 154.9999968281212 156.9999993394012 154.9999933675082 309.999946645168 773.9999205121326 401.0001089985377 165.9999956161848 409.0000107836452 572.000070911133 810.0000569184751 889.000089144253 826.0000591243843 1121.999970460899 1134.000071284547 1343.000020967036 1626.000023316203 1411.000047471056 1384.000037601039 1338.000041961985 1159.000010446262 1157.999956048071 962.0000186604211 1155.999958483727 943.0000292660494 868.0000021327448 864.0000013842999 857.9999923840367 770.9999976195462 749.999999066543 750.0000120770907 745.9999992834828 744.9999992628058 747.9999993965822 750.0000001762888 750.9999999415151
160.9999991709096 143.0000027946985 142.0000037116805 142.9999994029444 130.0000078256752 138.9999904931019 142.9999983103231 146.0000025577126 152.9999971494821 148.0000002177427 149.0000002729237 153.9999922417013 319.9998580095036 539.9999001364279 379.0000998927425 156.9999914506954 496.999870373135 617.0000227049835 1025.999934950372 1113.999947302147 1047.000040805137 1182.99997462327 1144.999947850314 1391.999954877497 1668.999968002834 1570.999970134242 1446.99996271127 1320.999991323696 1139.000010964318 1076.999983331282 1019.999974309555 1022.000010021313 1102.999952633357 870.9999915463588 864.9999695580762 820.99999915067 823.0000088152061 810.0000011209681 816.0000053281367 760.0000180127892 757.0000153790545 751.0000034771163 751.0000018487885 751.0000004064832
164.9999996968775 147.000005888909 142.0000012865019 138.9999982250678 130.000005851138 136.9999914206264 142.9999946024456 144.9999990319952 144.000001358208 146.0000013465032 143.9999995754338 143.9999990109161 156.9999881876837 257.9999955463674 363.9999808065734 154.9999988477599 368.9999582186171 583.9998966732077 761.9999841779234 923.0000291790243 1248.999961254767 1185.999978171537 936.0000074725645 1347.999936888333 1498.999942214679 1301.999952285804 1297.999938844586 1307.999983162998 1150.000003374461 1027.000029988071 1075.99997634426 1063.999926163984 888.9999529296445 837.0000176603028 839.0000395993079 920.0000034755548 890.9999926590656 829.0000147970414 831.9999889906155 819.9999701868281 812.0000059123165 774.0000028578355 763.0000098020342 752.000002603134
153.0000049366837 145.0000019155883 141.0000000248881 135.0000004321114 127.9999955946146 135.999994046109 130.000001844648 137.0000001723694 140.0000002096209 146.9999978176987 141.9999967223157 138.999998104907 146.999992753057 379.99986954098 189.0000889701591 166.999995192541 407.9998982201638 525.9999411072993 773.9999490583551 1007.999969450548 1137.999987394541 996.9999997000982 906.00002257592 1242.999941982702 1268.999927921636 1111.00000676324 1270.999991424182 1309.000022672154 1223.00008358773 1183.000048175631 989.0000534536845 887.0000196104525 1025.000005793826 1069.00005284396 1017.000071305201 1029.000010359749 889.0000008460121 858.9999862314214 803.0000112477391 794.0000004518581 805.9999994159925 799.9999924129254 821.000000067983 791.0000011036383
149.9999992664261 141.0000027222022 134.0000031566325 132.0000036036468 128.9999945788174 134.0000014179203 131.0000005493259 130.0000017464552 135.999998066816 140.9999999209017 143.9999986435998 140.0000016056154 142.0000006047106 173.9999687727861 144.0000308050665 191.9999701084556 373.9999551326286 440.9999384595743 674.9999068215668 901.9999876822488 1048.999958782227 786.9999903499828 895.9999692487825 1008.999952615094 980.9999692178717 1119.00001011762 1293.000017705175 1380.000029038009 1481.000026312893 1441.00003050029 1279.000019600491 990.0000291925278 888.9999963119404 988.9999313782117 988.9999911970384 1073.999965104905 922.0000127400136 935.0000269920543 874.0000093278198 817.0000078370222 820.0000007522685 862.0000064511372 819.0000216217724 820.999985407457
144.9999973343549 133.000008043994 128.9999988004054 128.0000025862086 127.9999974402039 131.0000017001576 128.9999986398434 124.0000059216081 138.999996732746 144.99999749119 145.9999971175422 144.000001635986 144.9999974889752 138.0000031056258 147.9999961038081 181.9999882961555 312.9999424914635 363.9999685316972 681.9999270988027 955.9999816899141 861.000013184214 597.0000049482256 752.9999534745185 804.0000415422011 1040.000013012486 1110.000001183222 1304.999994809092 1427.999980561531 1507.999985813626 1544.999981652179 1325.9999786109 1123.999939503734 1009.000033255909 1001.999956273655 886.0000005533199 985.9999666222267 1014.000016612021 1121.000014469466 1080.999957235963 893.000024197252 861.0000063505331 953.0000364299934 973.9999912235119 871.0000545743174
141.0000013956383 134.0000053990218 131.000000145993 120.000010785824 123.9999943241009 123.0000087155343 129.000002209122 131.9999991178003 135.9999991582927 139.0000000176052 139.9999978291443 138.9999970148999 136.0000023238324 146.9999962996205 149.9999974043285 157.9999926945867 201.9999711718481 306.9999694893719 626.9999437859416 841.9999199284989 704.9999269112542 539.9999724408849 797.9999376542511 1099.999941925457 1215.000003843811 1245.00003147155 1430.000024972169 1433.000047435198 1487.000008682777 1441.999991732427 1198.000059543686 1007.000046570543 1115.999962032282 952.9999783059727 858.0000078790805 876.9999987208747 978.9999284757163 941.9999790451033 994.0000363872433 1080.00001924485 937.0000405995434 1099.000028118759 1032.000087722848 1012.000043314538
