GI/GI/发布/Application Files/GI_2_0_0_10/srtm60.grd
DSAA
300 300
97.00416666 101.98750006654
20.00416666 24.987500006644
99.999999424626 3321.000131662
[rows 60 to 79 of 300, columns 0 to 43 of 300]
1034.000001930584 1014.999994115018 1077.999978344097 1108.000001271314 1066.00000519575 1027.000020889545 1037.000020617898 1006.000012807127 969.0000270083766 914.0000123357546 905.0000025922611 975.9999805437367 1149.000034000309 1119.000035087842 1178.000003137229 1241.000061367031 1523.999970945801 1775.999999564916 1302.000089909217 1211.000005037325 1178.999999245397 1132.000008523224 1118.000026842699 1240.999958065144 1547.999876919697 1344.999956721573 1547.999958745493 1807.99996082887 1651.000032056572 1509.000011059418 1385.000004743636 1335.000002057438 1315.000002942288 1356.000001718944 1483.99998500253 1352.000003790116 1192.999971956713 1270.999969929625 1339.999934989208 1236.999927777574 1103.999973392253 1031.999994371118 970.9999950959419 954.0000035688099
1046.000003447885 1028.000001382861 1069.999977395449 1101.999998139768 1066.000008578447 1013.000014328837 997.0000027757967 992.9999994975519 974.0000151487637 915.000004866468 892.0000065970347 972.9999765101821 1100.000003816282 1090.999999442558 1083.000067184916 1096.000037822344 1235.000045874305 1714.999919962183 1417.000045442062 1266.999987283233 1232.000010031556 1139.999995334649 1111.000007295708 1295.999989165044 1717.999946291871 1437.000029719579 1587.999959196513 1837.999959547838 1667.999964996494 1467.000006254159 1383.999995498592 1356.999991963546 1311.000008756208 1364.000000346952 1435.999995412891 1419.999947913967 1350.999904182683 1350.999983124621 1476.999915092748 1160.999987888478 1086.000003479767 1051.999985852513 1016.999981174891 955.0000254317763
1052.000002137864 1037.999984544964 1075.999980520826 1122.000003709402 1074.000028257825 1019.000024325924 961.0000189136352 951.00001208421 915.0000342112609 904.0000017271731 882.0000041662206 940.9999885667528 956.0000394090756 1044.999995004473 1008.000009155185 1133.999959092226 1354.999916453093 1909.999852955496 1599.000049735873 1311.000015080232 1278.999978552087 1193.00000623653 1112.00001323459 1372.999945777121 1765.999954825154 1480.000022538981 1783.999940863654 1717.000061837166 1585.000025174069 1441.000011694186 1361.000008137649 1321.000011233421 1301.000011309309 1386.000015909991 1343.000026077227 1400.000019076878 1395.000006307565 1566.999943465828 1602.999899797513 1189.999950890932 1071.000017485459 1022.999987351501 1000.999988607816 952.0000235774751
1061.999987334756 1037.999991376042 1121.999975060597 1158.999981563536 1103.000046443159 998.0000310577598 931.0000235575919 895.0000111026333 871.0000181718319 874.0000056988903 872.9999996110219 897.0000037177081 915.0000050070424 979.0000055886646 1023.999962405512 1148.999931604562 1226.999996064566 1576.000048602793 1739.999998462233 1298.00003965705 1177.000026911126 1145.000006295126 1169.999963365391 1440.999950292569 1800.999979234697 1636.000000120754 1938.999942729062 1710.999987948202 1562.9999799568 1410.000003481649 1346.999997494399 1311.000001983917 1298.000003109894 1326.000013054993 1365.000009219007 1430.000009399277 1553.000021072839 1663.99995002051 1711.999960634392 1385.999887948139 1104.999989163448 1057.999988195466 1000.000010344958 957.0000005124738
1060.999997007422 1053.999989991476 1147.999977126308 1158.000007490166 1059.000061017182 961.0000321896659 885.0000297322931 862.0000076309757 859.9999969378606 889.9999906032884 901.9999733198999 946.9999761180301 918.0000001731892 947.0000006986359 1046.999982170804 1242.999956928655 1246.999971238151 1497.99996090897 1713.999998341288 1367.000003776942 1223.000004453628 1193.999991849225 1173.999981596491 1432.999955417148 1792.99997921513 1724.000028346037 1828.000012832856 1772.000000640061 1491.000031686235 1406.000016407783 1345.000007817844 1305.000002982245 1347.999984522667 1361.999989367407 1366.00000076108 1500.999935796321 1662.999996256397 1793.999966066123 1701.999995890213 1350.999942910446 1183.999935897402 1080.999979380212 1035.999991208921 1060.999958708209
1076.999996120844 1065.000008767362 1119.9999882895 1083.000044604245 976.0000568561181 922.0000210376823 878.0000071582621 854.0000037965386 858.9999989223716 900.9999917786342 940.9999749096464 967.0000010754602 941.9999962947541 953.9999955591748 1018.999982383427 1179.00003768088 1175.000063226601 1234.000028951261 1299.000105931456 1400.000040960062 1288.999978993251 1168.000007304683 1167.00000817159 1427.99997141126 1683.000049673829 1643.00001836923 1698.000046588492 1748.000045240517 1492.000029915195 1353.000010488534 1300.999997004934 1356.999996049435 1486.999955753947 1332.000009768866 1369.000016922173 1520.000013462698 1536.00005721922 1581.000148510433 1742.999986472808 1423.999977441543 1207.999965013085 1095.999976169328 1025.000007943664 1024.999962291617
1084.000006823832 1065.000004806318 1111.999987897799 991.0000607303233 945.0000162494345 883.0000255417475 860.0000046747848 851.0000020969362 855.9999999567905 875.0000040308851 928.9999822200307 987.9999913863306 981.9999883449118 984.9999829806343 1028.999966853801 1077.000008678168 1128.000009724836 1248.999961699807 1239.000037725461 1173.000016896816 1247.000020040847 1142.000017928432 1209.999988167274 1651.999903700592 1711.000025105779 1606.000011678075 1765.999968431982 1715.000001844791 1489.999998187074 1351.999998480698 1291.000007607128 1406.00000861294 1415.00001033921 1298.000010461197 1333.000009836818 1364.000035514482 1428.000045016144 1757.99990529864 1628.000004991332 1521.999858921663 1126.99997977189 1071.999997968079 1025.999986078173 960.9999974770203
1081.999985624855 1097.999981951672 1085.000066684631 1014.000036435064 915.0000235997953 898.9999908743314 881.9999987754975 846.0000055171284 839.0000015020839 851.9999992429288 883.9999892721377 935.0000196460081 915.0000210630765 966.9999926256401 952.0000170452488 1008.000002109993 1131.000012374005 1249.000000101549 1307.000007715712 1212.999989198232 1171.000012156652 1144.000001952537 1229.999984599887 1438.000031320806 1658.999955832499 1499.000043345887 1668.000008162716 1895.999955883613 1537.999996618901 1338.000004931432 1323.999990191985 1352.00004639535 1329.000035254593 1371.999981250367 1346.99999384593 1371.000022206833 1530.000005098912 1697.000042372595 1437.000011041155 1353.000005321138 1137.999998800018 1042.00001532029 1018.999988455552 973.9999926872591
1089.999982958827 1164.99996688288 1071.000056299289 951.000041747824 874.0000244644638 884.9999997336233 871.0000087494069 842.0000074732214 837.999997568029 835.00000556925 862.9999954819793 903.0000080222287 873.0000150213539 914.0000016707279 926.9999969770141 1012.999971564587 1181.999949622377 1248.999982158163 1223.000026635791 1202.000016294151 1171.000007281861 1157.999996751931 1265.999975566283 1435.999924333918 1450.000020695749 1562.999960070614 1707.000020473991 1831.000010897449 1546.999978814444 1372.999987564671 1343.999997891492 1342.999981926988 1284.00000732541 1371.999998206342 1345.000007729626 1370.000010375774 1420.000051418487 1609.000037546082 1444.999924257586 1101.000009476829 1088.999995454512 1034.000001968296 1025.999990358363 982.0000039303114
1113.999974882212 1195.999977468113 1046.000088844849 931.0000345323776 872.0000156924292 847.0000130090875 858.000008313399 838.0000011918328 846.9999878763443 827.0000106238832 835.0000008606295 849.9999947335276 874.999990841398 899.9999918978942 942.0000004395731 995.9999868577947 1132.000030160839 1127.999994946133 1227.999976263232 1195.000002483471 1165.000004989114 1160.999993464455 1219.000041470925 1508.999986786 1571.00002696668 1574.000023129136 1713.000025896628 1825.999997524001 1557.999988176493 1427.999979046819 1336.999999001153 1278.999996619926 1268.000020313088 1471.999977379722 1374.999986447284 1357.000010378517 1449.99999481578 1494.999959208203 1241.999992529438 1068.999996150652 1034.000001118663 1016.000010010708 977.0000139430758 1010.99995670034
1147.999995871672 1159.00004614107 1047.000051109638 964.0000144017365 876.0000075238694 835.0000100625542 828.0000056886504 822.000001465152 850.9999907759864 829.0000036566357 832.9999961418746 892.9999692874584 886.0000007779619 919.9999838789207 979.9999752055292 998.9999786178406 1072.000002412753 1078.99999321951 1191.99997512868 1209.000001259568 1193.999981790047 1151.00000543675 1228.00003010755 1403.999989272169 1447.000048400564 1488.000018804421 1591.000012941309 1754.999984977268 1561.000034540398 1414.999987489382 1377.999989287131 1272.000012415636 1233.000025699917 1391.000021279214 1376.999975826592 1293.000040085817 1359.000011574857 1287.99999521204 1134.99998753747 1055.999998822842 1028.000012833516 1009.999986701642 973.0000035998132 1004.999995618803
1232.999970156718 1232.999965464643 1095.000028023933 883.0000315125581 868.9999900174267 839.0000061760718 816.9999982414207 829.9999928484808 845.0000112601159 823.0000024714791 830.9999970379006 870.9999987427264 952.9999744466509 940.9999972922351 1008.999978179532 1018.999988325866 1037.000009507051 1023.000006005382 1187.999976217157 1285.999986346011 1245.000000770928 1200.999997486764 1164.000006578489 1359.999990906415 1385.000047931633 1425.000036898546 1575.999987081881 1657.000009288002 1627.000011729615 1432.000028108476 1351.000001588454 1266.999997097663 1262.000010186104 1453.000010481311 1284.000025154773 1308.000004551354 1245.000021346218 1281.999955373423 1070.999994699896 1068.999997746872 1044.99997828912 970.9999956340573 967.0000028557708 987.9999962042266
1133.00002417925 1168.999991058252 1018.000039382908 879.0000153705319 840.0000166404343 841.0000074645702 812.0000137283417 813.000000756545 821.0000057969562 845.9999838031941 828.0000014048997 846.0000006098906 881.0000087825794 918.0000077743746 985.0000299313879 1039.000008309711 991.0000078364295 1000.999999076113 1123.999990740285 1250.999990052636 1204.000001815941 1235.999969460572 1209.999974512191 1317.999968295893 1426.000023563025 1321.000037315053 1552.000005267221 1625.000035660174 1560.000018111299 1441.999975439855 1323.999999536038 1239.000001867099 1270.000020515653 1390.99998127377 1215.000020191337 1297.000025535998 1231.999991198124 1099.000030384955 1050.999998957379 1015.000022213696 995.0000026620317 961.9999958762554 950.0000036578707 945.0000111930202
1115.999976216241 1041.000072000958 915.0000645279129 871.0000088734496 844.0000101849054 819.0000110856882 803.0000175022998 809.9999929866846 845.9999904458207 876.999994045522 842.0000123114954 920.9999319567129 854.0000295181151 915.9999756669943 929.0000113426085 999.9999972174794 993.0000132044733 976.9999938814979 1263.999934778423 1285.000008813139 1191.000007798484 1231.000002242095 1218.00000528453 1421.999906257292 1204.000000849456 1316.000018990888 1545.000032636239 1496.000016316993 1517.999982709052 1384.999995147206 1297.000007023476 1217.000003176744 1296.000018377186 1403.999966476333 1213.000032341801 1207.000002178797 1146.000021698976 1061.00000642223 1031.000010084472 1045.000003287919 988.999990743303 947.9999973798501 940.999999129496 954.0000083881829
1012.000044035007 921.0000682737561 861.0000162716312 844.0000121087046 842.0000033600646 827.0000011923272 794.0000060172525 821.9999890778591 827.0000075490212 848.9999922445671 872.9999997603558 926.9999749987761 866.0000488621862 868.9999944404508 917.9999849184178 985.9999934216091 966.0000193437481 980.9999897015592 1323.999949722584 1442.999967723419 1319.999973563028 1264.999987611692 1269.999983773671 1446.999984367325 1346.999977335831 1216.000011355806 1380.000004091808 1438.000013936659 1376.000033195609 1361.000015498229 1274.999999813494 1215.999998990586 1299.000022068198 1297.999993395509 1234.99998762581 1153.999980910653 1033.999992089056 1007.000000179093 1035.999991398463 1035.999996996321 963.0000018414705 946.9999946260913 941.0000066856003 957.00000217952
930.0000406190247 940.9999743957537 895.0000001096313 871.9999957204892 848.00003422993 836.000012734768 797.0000055768319 811.9999957849719 848.9999883301123 853.9999956368313 878.0000014620229 888.9999866361276 899.9999911729435 865.0000020951079 912.9999965019345 928.0000149115408 945.9999991352439 991.9999894052835 1141.000034703564 1504.000008788068 1452.000022431453 1335.999980353896 1315.999982750245 1186.000052689837 1351.999993679277 1282.999997533274 1218.000004919009 1225.000021003247 1245.000015941367 1281.99999512618 1284.99998130386 1241.00000137447 1317.00001379618 1283.999993905728 1270.000006242246 1213.999979370389 1072.999975185822 1112.999951966581 1010.999990819259 987.0000033781556 958.9999954142139 946.9999971903227 942.0000053168805 963.0000061331258
938.0000321070132 877.0000170491069 874.9999965253853 839.0000279232633 837.0000083830039 829.0000130305178 821.000001290376 817.9999847434774 840.999997072826 872.9999853492927 900.9999895783302 879.9999985322602 905.0000017905836 900.9999853580281 915.9999851543939 921.9999815429629 963.0000062455632 993.9999910168986 1047.999987594134 1229.000055845468 1285.000031268795 1172.000052701771 1260.000027285232 1090.999997323598 1198.000082112148 1477.999938987543 1432.999953971582 1303.999976941371 1239.000005409499 1217.000000724246 1203.000005007757 1212.000007403492 1430.000014913426 1384.999988598506 1313.000018155141 1332.999938674451 1073.000001512572 1107.00000100563 1015.00000890363 985.0000026904239 955.999999835825 943.9999976019503 957.9999998816935 975.0000036988573
975.0000110075924 864.0000195534556 828.0000126764018 823.0000025382143 815.9999984575619 803.0000165076567 808.9999931108388 797.0000033017105 849.9999872947817 860.9999862680099 907.999995131986 883.0000029602516 904.9999996952095 912.9999892797174 917.0000068685732 925.9999934493696 995.0000006551327 988.9999794431317 1037.99997922268 1073.999988515799 1148.00000401024 1254.999974187158 1095.000011794139 946.0000199007944 1171.999995731874 1645.99998470231 1616.999975686944 1408.999989604691 1283.999994595383 1265.000008198091 1239.99999222552 1210.999995946867 1255.000043094773 1311.000011936198 1255.000011742335 1205.999988603275 1100.000003357367 1028.000003036729 996.9999882836131 970.9999923615544 951.9999956453632 943.0000014379315 965.9999985640312 981.0000111426275
903.0000416858356 862.0000315856892 821.0000147808099 804.0000023658388 827.9999781109721 797.0000136992388 805.9999995645018 803.99998385051 833.000006479433 868.9999867317404 913.9999879714032 895.000009910903 911.9999977529795 915.0000009275485 935.9999964905511 942.9999948830121 1130.999929748507 1019.999986769466 1004.999994579582 1042.000006622533 1150.999961589209 1005.000034221241 951.0000453970475 856.0000075653881 1056.000002783355 1268.000070197155 1756.999965063339 1461.999971772711 1315.000000814475 1279.000005327035 1233.000001293455 1219.999997528175 1233.000003693644 1348.999965271092 1249.000007599202 1133.000000179695 1085.000002551216 1016.999996966969 991.9999995136152 973.9999974310064 950.9999968469062 943.0000025643989 957.0000035857397 969.0000052308309
896.0000112554629 829.0000294476293 811.0000080287909 791.9999998389714 817.0000132735759 798.9999932104161 783.0000022915397 836.9999658459221 832.0000249029687 839.0000014200236 885.9999951405797 929.9999833646531 925.9999927037144 941.9999896053097 948.999986483604 980.9999835607446 1085.999970359031 1015.000018824637 1010.000002152209 967.0000376061083 1027.000018632435 916.0000496577297 829.0000205625322 847.999992918151 1046.000011153929 1282.000053411915 1630.000008620618 1473.000002934179 1325.999999047417 1275.999993255646 1235.99999564973 1225.999995958566 1337.999986636135 1414.999958925957 1255.999986012738 1060.000003204255 1037.000013678633 1020.999996693122 1008.999986888996 970.9999983374814 957.9999941131755 946.0000116472352 965.0000040585662 975.9999921041114
