GI/GI/发布/Application Files/GI_2_0_0_10/srtm60.grd
DSAA
300 300
97.00416666 101.98750006654
20.00416666 24.987500006644
99.999999424626 3321.000131662
[rows 180 to 199 of 300, columns 0 to 43 of 300]
1058.999922843231 1378.999905055551 1376.999961851068 1329.000057442942 1326.999945838111 1659.999895690637 1599.999980345999 1787.000029342014 1648.000056079897 1598.999991925371 1563.000003382342 1637.999976289211 1352.000030770928 1784.999886934459 1682.000029643462 1410.000053761942 1289.000028047026 1156.000030313307 1519.999943075924 1322.000065706169 1223.999979828424 809.0000261142073 606.000007875602 880.999984820071 845.0000066141865 800.0000014546429 627.9999992743287 632.0000016924084 627.0000048516441 683.0000085319208 850.9999888060052 638.0000026295533 626.0000119555622 677.00001842291 829.9999955176503 799.9999852153148 672.0000082491332 763.0000075732141 771.9999959721397 760.0000059505065 753.0000084081404 759.0000056496494 763.9999981221209 782.0000168463472
1284.999877692148 1298.000020939025 1640.999901719098 1446.000145976739 1553.999882839299 1376.000031280315 1523.9999942915 1723.99989894931 1930.999937026465 1883.000036412451 1755.00002395445 1603.000119582093 1661.999971317598 1731.000104305656 1495.000100864516 1370.000056716467 1262.999986156758 1339.999949579472 1542.999965310124 1214.000006028829 981.9999987350163 786.0000114579901 628.0000006016072 983.9999707399676 919.9999987160627 734.0000049915898 611.0000037948271 705.9999961553037 635.0000073102876 764.0000080940075 833.9999882940327 684.999996624313 675.000001886107 724.0000159727223 797.9999951507946 746.9999783433054 729.0000047935512 759.0000064154574 788.9999976903436 803.0000049607961 784.0000101949521 820.9999947772891 789.0000072032044 809.9999946247442
1106.999948883793 1303.999777376081 1455.000026529317 1554.999924280603 1464.0001145825 1344.999905480554 1344.999981110391 1576.999917922525 1851.999908974167 2179.999911427823 2066.999993469336 1884.000033788409 1812.999980413998 1760.999943664694 1450.000045463103 1306.999988014278 1038.000017308135 1284.999972827415 1193.000056916847 1045.000031191466 929.0000089301777 775.9999872625674 781.9999662593691 873.0000158339158 862.0000077591579 708.0000071244155 647.0000066055544 759.9999860400817 676.0000151902884 842.0000088805621 812.9999960355224 686.0000032323534 714.0000046185103 759.9999963699017 710.9999904356573 676.9999905720719 693.0000035258713 721.0000002713074 796.9999943609447 806.000000442447 857.999970693814 839.0000360823348 917.9999829433937 919.9999635168458
970.0000165445925 1326.999901624327 1500.999987338575 1312.00000130078 1353.000118130341 1124.000017940126 1464.999823452844 1611.99993780934 1871.999902617715 1890.000001495072 1797.000002639582 1686.000043095287 1715.999970862911 1288.000111531927 1227.999994066933 1038.000000972584 1020.999960308976 1324.999955729776 1198.999958348665 1028.999965779872 724.0000189991434 722.0000264244433 625.0000147546627 830.9999836985282 848.9999938768425 738.9999973246618 696.9999899268065 650.9999995906152 748.0000100026283 912.9999939936446 825.9999968106458 728.9999966308599 742.0000008390614 742.0000070762787 719.9999829914855 642.0000053252638 694.0000058709909 751.0000012924544 799.0000066586778 806.0000042653057 837.0000110024095 814.0000228320705 1100.00002522432 1008.000072773306
1093.000024850134 1429.999923914127 1191.000111899361 1207.99993834716 1180.000104122519 1249.999832817678 1313.0000271677 1519.999948776101 1731.999933261579 1735.999943039936 1506.000028935929 1617.000001583014 1495.000037201832 1313.000015271146 1037.000033819985 864.0000246399974 925.9999730672855 888.9999927135801 752.0000049896794 748.0000232439589 864.0000484467155 911.0000447879711 738.0000216860937 671.9999736997132 695.9999938678454 625.9999943874879 593.9999917983514 648.0000034765402 792.9999886084987 778.0000033692692 840.9999935653326 727.0000170522083 703.999996680754 723.9999987543133 709.9999986406335 643.000000757672 664.999997669231 717.000002211418 777.0000150225737 884.0000015218955 818.0000102944003 900.9999691501013 847.0000609522364 1104.000007964071
1366.999847235577 1221.000011991286 946.0000381257958 1120.999981824368 972.9999723795329 1136.999957518584 1327.999950366034 1482.999962663626 1509.999976963432 1327.000017419438 1446.999907133313 1464.000040485847 1201.000095064691 1025.000065135863 947.9999835852544 754.0000080956694 741.0000377718814 942.0000154911764 979.9999881185415 1045.999977023054 1107.999979309077 839.99999217605 720.0000127692642 573.0000182704332 589.9999950577532 566.0000119697927 568.0000020758256 673.0000018735086 814.0000134012435 783.0000086736811 787.000002355209 795.0000003103211 680.999998041169 640.0000053520818 683.9999961287388 675.9999968588957 648.0000012499417 709.9999804754244 735.9999993131982 730.0000267124512 851.0000078432814 777.0000212609756 766.9999919306019 821.9999925355485
1005.000010947672 1014.999861065782 850.0000328456003 926.999969718317 1045.999992755222 1137.000022848323 1258.999953507181 1417.999988622072 1176.00006833461 1273.99985048216 1196.000004441487 1377.999977632291 1172.000028237746 914.0000154385225 761.0000494537293 913.9999717846571 999.0000588228099 1172.00001841103 1073.000018435172 858.0000451493813 790.0000319306934 755.0000300504964 923.9999792369694 659.0000054687607 634.0000141515606 634.999996953689 620.0000002756997 662.0000014642768 805.9999934947671 848.9999898327992 823.9999851872908 784.9999854160424 717.9999795877851 656.9999941418047 631.0000024879722 670.9999890249793 629.000007295761 638.000007657382 667.0000126757984 666.999992766425 765.9999978648225 718.0000197795083 838.9999888001478 836.9999910532677
781.0000257145157 754.0000194476514 852.9999239438286 1226.999845245294 1341.99991330099 1524.999963704067 1560.999996600173 1391.000122492055 1439.999995208972 1124.000113208839 964.0000580108892 1109.999897411908 892.000027055052 823.9999963736138 1049.999966633454 1232.99996669282 1311.000015315626 1160.000046672021 1127.000033060611 1043.999981681954 892.9999919600705 854.9999833973552 713.0000373400711 682.0000188874182 749.9999731219459 608.0000095076902 687.0000118124673 712.0000128919157 726.9999929449513 710.9999910096974 713.9999891580227 678.9999871600072 615.0000011343012 650.9999973023322 619.0000015904171 623.9999966182094 642.9999940058754 625.0000097445421 630.9999991953094 689.0000148888921 684.0000066830168 942.9999622232811 740.0000227387944 836.0000493318715
663.0000490845138 827.9999437704601 871.0000816303973 966.0000454595373 1258.99990321447 1508.999915568465 1547.999999243894 1675.999926285392 1433.000120864152 1286.99998562525 1138.999961603695 910.999998880489 884.9999830434889 1086.999957096188 1076.000036798204 1269.999958671717 1254.000017763123 1120.000034571339 1055.000030212316 1007.00002321855 954.000022047398 926.9999961287217 932.9999856796337 704.0000041211816 598.9999963064806 694.9999864060264 786.999992952988 826.0000016348154 666.9999991719217 627.9999946893304 622.9999945540196 639.999994595839 602.0000009288117 641.0000001598841 617.9999979477485 630.9999998942014 641.000000660547 679.9999964859721 659.9999975470729 656.0000120252461 765.9999819361398 721.0000926556212 911.9999599657887 785.0000302452349
897.9999843523576 1150.999924457705 1251.000117572868 1287.999919089406 1506.999896388714 1607.999923677006 1460.000040996936 1668.999935928014 1516.000019280346 1194.000053503141 934.000029452896 1013.999943036762 1147.000004534373 1259.999951438633 1302.999989051668 1279.99999689548 1150.999985413618 1232.999944323947 1170.999989708407 917.0000347079052 941.9999520329707 773.9999831791793 652.000013808471 571.0000097818182 620.0000172063589 683.0000215029287 727.0000029965385 737.9999919168882 653.9999979861466 624.9999997184809 596.0000017026989 597.999996056966 582.0000015599375 587.0000018632489 608.9999941728402 597.0000017235706 622.0000010609267 642.9999995456598 633.9999912380533 646.9999986115693 668.0000503322099 767.9999937765742 960.9999878727299 839.9999647452992
936.9999234504894 1253.999919786423 1338.000016563391 1213.999995874866 1355.000050949598 1490.00002463118 1607.999940893449 1574.000069125289 1222.000085140667 1034.000018996926 1077.999963232501 1238.000033374364 1316.000038447374 1242.999989255958 1225.999950679775 1037.999999475218 929.0000190989076 854.999993882128 904.9999500475636 783.9999953194945 734.0000087803453 762.0000297928912 677.0000242686951 667.9999904797118 618.0000008649972 693.9999826792417 763.9999794348048 664.9999975203388 614.9999993516237 609.9999947530134 597.9999938026883 581.9999967730802 576.0000006053118 575.9999996154957 582.9999979578266 589.9999991280367 615.0000009114197 658.9999931576758 633.9999932327269 633.0000060577357 635.0000017116546 710.9999958880409 712.0000338052624 865.9999358247187
891.9999135837056 1104.99987517189 1151.999987195629 1448.99985786879 1536.999906732852 1651.999923644349 1510.999996432245 1434.00005905083 1252.000018703526 1020.000056596872 1372.999936864341 1593.999953299925 1255.000087716973 1190.000034912657 1190.999968908822 971.0000547264974 965.0000175840127 862.0000219089311 844.9999715255863 783.0000057094694 784.0000119305071 661.0000103899254 643.0000256915864 610.0000223625503 581.0000175904823 593.000007028623 638.0000211318583 608.0000153422043 614.0000085440826 619.0000091697139 599.000009102736 605.0000056253806 586.0000037199728 588.0000029788981 584.0000106615498 590.0000016288385 591.0000042837069 609.0000037528685 611.0000018943093 625.0000025556448 618.9999957379919 640.0000017461759 676.9999901252778 758.0000563025917
675.0001199720286 899.9998167787283 1039.999875837652 1145.999968991645 1235.999996035219 1443.999913125147 1373.000038493128 1246.000061198002 1138.00003469489 1264.999973676655 1431.999910341535 1561.999979039746 1548.000005393925 1458.999993233582 1138.000076977654 1253.000031845239 1132.000022916952 930.0000089187157 1015.000018321124 985.0000188017274 833.0000049598249 685.0000071769931 924.0000017901266 761.000027856831 712.9999995774853 754.0000123615869 887.000000172803 765.0000336975503 752.0000079902075 720.0000215466097 741.0000111983993 729.0000293934907 647.0000150326198 655.0000132985258 807.0000158839891 799.0000070434998 648.0000137300225 661.000018386112 635.0000142093428 609.9999999824105 607.0000035263898 611.0000038862343 650.9999989102413 732.9999655274563
906.9999730878913 738.0001146389758 948.9998456079243 1201.999950238449 1301.999960272506 1366.999987515629 1369.000058350293 1236.000031947969 1271.999967805514 1265.999985955464 1350.999942870183 1569.999976388542 1718.000058659673 1577.000029587608 1335.999991417873 1410.000104899407 1228.99999936242 1075.99999608857 1392.999896012299 1013.000072904893 702.0000387840044 919.0000078692426 930.9999854232351 849.0000192198793 761.9999728038189 834.9999656647043 939.9999817443986 992.0000100691979 820.0000235344536 911.9999915971654 859.000023994383 937.0000239370305 857.0000098164717 646.0000117359599 695.0000049483189 886.9999681527654 752.0000510937705 772.0000223761231 774.9999855784084 686.0000055873431 656.0000116897098 601.0000123295961 613.0000019411223 633.0000003634802
851.0000360761312 916.00001289722 951.0000488248561 991.9999681196529 1188.999905146979 1433.999931601393 1373.00007795856 1245.000023712398 1323.999967752648 1314.000043571537 1443.999925049296 1740.999900440037 1906.999992085088 1558.000115182136 1604.99993756718 1693.000118860438 1353.000065585364 1069.000031837887 1198.000011400441 1034.000077869051 806.0000013207022 1018.000016503031 906.0000217285113 884.0000235502855 766.0000170074931 704.0000138957065 789.9999848620408 931.9999833743078 966.9999912713632 870.0000249137253 921.9999959803272 1015.999999493209 1050.999991280785 804.9999962062873 655.0000033441831 691.0000029562718 885.9999972695971 981.9999727383247 819.9999966951465 741.000020136181 788.9999586998557 713.0000276216464 710.0000069165674 640.0000287958437
1024.000019603133 1024.000013425723 1097.000033742226 1132.999967129667 1185.99997615629 1259.999997271372 1404.999994097979 1276.000017010793 1398.999971959105 1432.000002822275 1447.000063729074 1685.999937950135 1801.999995837624 1757.000097610641 1918.999905538524 1745.000090428425 1351.000079342741 1197.000008144341 1354.999954134874 1065.000000794413 820.0000266201867 1135.999954852941 960.0000327022996 912.0000133141775 708.0000183919165 773.9999823995728 717.0000025259005 822.999983931108 882.999982326437 972.9999883236965 920.0000106546736 956.0000024087407 1037.000008761647 1056.999961455552 699.0000110034288 685.9999941973708 774.0000144796165 964.9999740077406 981.9999501199686 798.0000128027039 857.9999485732506 777.000037253639 842.0000108420034 822.0000150812334
1143.999989289392 1100.000088905168 1279.000002744053 1334.000016330597 1364.999970362678 1467.000024635202 1433.000088630362 1336.000074912944 1405.99992688778 1594.000003599597 1521.00004392803 1621.999978777361 1741.999953667839 1930.999970938629 1950.999980970952 1623.000060923771 1694.99997433274 1448.000135392521 1331.000088589016 1035.000042636841 881.0000647592738 1185.999925525835 1270.000030712963 884.0000351863432 854.000014701139 765.0000072168348 706.0000023811485 721.0000037007029 777.9999905135637 825.0000052759625 952.0000059414386 956.0000002911027 1006.000001388582 1021.999989946833 860.9999845208885 774.0000030697732 711.0000130151553 769.0000021401363 829.9999908249286 748.9999668140215 710.0000313456558 775.0000207857406 936.9999975174196 994.9999818591464
1222.99991246679 1456.999962634651 1431.000093042032 1688.999953759749 1677.00011283724 1653.999992637002 1633.000039391266 1460.000090201515 1331.000049067014 1523.999909684976 1635.000002095358 1764.999964565243 1759.00000655595 1938.999989613888 1929.999992079554 1625.00006774762 1760.00000566586 1970.000036577818 1650.000045522985 1293.00007588199 1050.000055476224 980.9999900352135 1358.000003890603 1017.000050745531 887.9999851835736 840.9999954742468 725.0000030793124 696.0000032033969 737.9999974729747 772.0000044694187 927.9999791510461 957.0000111825359 1006.999994907205 1050.999999544299 1041.999997793361 868.0000178750687 794.9999938033641 749.9999980821792 810.9999741390677 692.0000223803293 884.9999743079952 828.9999432882438 857.0000309837468 1034.999975214957
1183.999861680026 1467.99991448619 1722.999855723267 1830.999933158968 2015.999934401258 1954.000037909465 1816.000070493358 1587.000079698049 1595.00004676685 1426.000071299625 1483.99994022943 1751.99994274278 1761.99997549988 1966.999948364035 1972.000038679727 1915.999995144784 1840.00002924954 1855.999911425594 1559.000028276073 1279.999992591833 1037.000005543958 1125.999948511728 1485.000002780236 1023.000033257266 943.0000288510333 811.0000037142503 750.9999974312165 717.0000042864896 705.0000007956172 769.0000037930668 835.0000037323475 987.9999912795652 961.0000053632788 1017.999994105596 1057.999981858402 1049.00000283179 925.0000123855422 777.0000146684239 766.9999936893962 709.0000147649155 783.0000618579886 879.0000512829522 774.0000468743651 995.000029548597
1061.999883739877 1266.999931046951 1378.999921610532 1616.999875059105 1865.999932378384 1921.999975136118 1938.000024006444 1789.000026401405 1855.999961562848 1671.000114044787 1521.000096513962 1538.999955819284 1733.999971129515 1814.000001930161 1877.999990224329 1933.000023881175 1730.00006283945 1527.000077273108 1236.000031490209 1133.000021537295 1243.000006753466 1080.999993761485 1473.99997061144 1075.000045868433 1252.999971130566 826.0000282046933 725.9999962670282 739.0000028465232 719.9999995807627 745.9999891671366 807.9999982239312 847.0000023058558 911.0000092810144 985.000003526261 932.999997017989 975.0000037231931 1050.999999751262 1002.999994154977 790.0000260306258 738.0000162184825 1011.999990450179 1136.999968005931 832.9999763168964 1108.000049334755
