GI/GI/发布/Application Files/GI_2_0_0_10/srtm60.grd
DSAA
300 300
97.00416666 101.98750006654
20.00416666 24.987500006644
99.999999424626 3321.000131662
[rows 120 to 139 of 300, columns 220 to 263 of 300]
812.999894108738 771.0002403123118 751.000063871728 677.9995361712709 579.9999439156999 546.0000145687878 558.0000411803144 556.999976945196 547.99992511645 533.0000487959273 582.0007613406866 702.0002940233935 770.0003834151767 781.0002133880553 858.9998569780196 940.0007991659204 1183.999312154092 1084.001232263171 1189.998865612176 1063.000812762565 1241.999379339261 1004.99967338279 930.0002300699766 1077.000598729372 1358.999641280821 1311.999372220095 1151.000167187629 1038.000575916641 1096.000503420185 1124.999750928753 1067.000000633089 1113.999628586422 1135.000103286237 1281.999469222681 1074.999233534184 1044.998360304647 743.0009325115209 765.0006967871152 962.9995145829253 835.0002144238714 897.9997526448901 1060.999386672492 793.9993495109187 735.0007804348611
1023.000058516297 1058.999880532508 909.9993544096966 721.9993245699986 611.9995860751296 582.0000338204801 591.0000110554257 568.9998066360773 550.0001282452936 682.0003379875084 684.0002027098317 825.99962139591 846.0001462853361 916.0002771514687 1016.000656451867 1168.000850062008 1240.99938955431 1189.99978411256 1226.000076632089 1280.99987553669 1084.999255679241 920.9999656778632 887.0002616848145 930.0003071660465 917.0002818183283 995.0006583688225 1065.999489359891 953.9993545716927 800.9997783188994 901.999651742309 826.9997947742301 908.0005776032657 983.9997086418513 969.9994418876145 1183.998940549857 843.998891568551 727.0015941480253 1106.999801454879 1156.00019892871 1037.000517789252 1016.000067684937 1116.000347642166 1037.000120393878 954.9990727240823
1379.99876833899 1016.999763723487 842.9997757817833 696.9994093503625 565.0000569888193 625.0002664368302 700.9993920497038 602.0002535530663 689.0005856654101 856.9999353747601 897.9993999280457 841.9999290706305 887.0000881224652 862.0008970135436 1008.000557178684 1093.000140248375 1085.000192543759 1116.000544209956 1329.999952122001 1198.999316054027 943.9998187011317 910.9997029064882 847.0001708750187 818.0001621404776 805.9998332757496 800.0008190202543 841.0006796043338 838.0003368861187 705.0006734379235 782.0004198389382 862.9997715948491 787.9999986730398 777.00034404922 765.9991354835706 640.000033096592 747.0000182003042 1052.999859321478 1018.000842251241 1281.999245098586 987.0000122161221 1038.000820692266 1182.999937030992 1065.999483065212 904.9992357934104
1252.000541622622 1368.998729146382 1003.998418861679 620.9996695620729 637.000287422801 678.9995864397068 601.0010317294496 725.0008284598951 768.0012071449966 902.0002524877417 977.0007261408855 1194.999777053006 1194.999568812568 1139.99924586174 1007.999634302456 945.9999270207285 951.0006025730604 1144.000720612698 1182.999729618315 1037.999865910588 1004.999661751476 891.9996822789426 918.0001802383058 985.0005098865258 1168.999542354302 963.9988826595218 708.9999517173494 761.0002541380766 952.0001076024379 1016.000320631052 1192.000466304989 1174.000043069243 1107.998739074471 949.001171062548 1090.998124439154 699.0007797034182 939.0015693430065 1239.999726278171 1101.999481085216 870.000220880371 1055.999991135363 992.0002843983592 1005.999656470455 869.9991411348299
1625.999037675322 1283.999068007068 877.9988020565153 656.0003901472844 794.0003752320056 672.9998292824475 917.9999797198174 820.0000660073929 887.0003605344962 1045.00016723289 1202.999974576411 1062.999563203548 905.9998837094387 878.9999883316443 819.0000261310335 856.0003008273379 915.0001671965753 949.0004232575878 963.0003321621937 1022.000012667236 972.9994772234176 908.0005738683693 1118.000563614382 1250.000094166789 1222.999328244309 935.9983667779031 737.0001209638951 898.9993213222085 799.0006395674976 959.0008515355426 1332.000988347222 1287.999398137315 1283.00067934767 1343.998708455168 1009.998784790085 751.0005832952794 983.9993613027331 819.0004031839724 835.001002088471 913.0008297080433 1027.00028159712 1024.999604991747 997.0000791652481 895.9995792532429
1333.9991003605 960.998926024321 709.0004642980312 917.0003836835736 918.9995813767382 813.9988732564855 642.0004638794753 813.0004337917787 1022.999547202894 1163.999856518584 1029.999337901501 834.9997430121985 780.9999094359748 768.9999060236271 767.0002988356728 871.0001824395807 874.000598757647 959.9998294174754 1022.000219479983 1006.000012640862 1012.999992433028 1171.000637678815 1207.000090050631 1119.000192083384 946.9995636470657 862.9992769634665 796.0005945414503 992.9999416984537 1075.99946661561 1135.99969999707 1113.000552830672 1308.000719131638 1312.000290233648 1253.999003947651 1116.997578793012 703.0002493915779 868.0004659448526 1007.000866636458 1199.999601013936 1167.999775840524 1078.00017562366 1066.999861759218 1036.999983687552 1049.999603501187
1065.998675468563 821.0000162171809 1010.000037160919 925.999258017234 692.000575245394 837.9997553175083 818.9982256466882 837.0017499397549 1280.99974896589 1084.99931024554 873.999556534945 773.9997475114708 735.9999804534394 742.0001245820046 814.9999464124454 842.0000432866124 865.0001333618013 885.0002929726832 905.0002954842743 1003.000059607504 1138.001194458346 1312.999124333337 1174.999107165482 888.9999425231902 827.0003401721912 749.9997196265286 853.0001946846733 982.0009166277347 1246.999775428794 1242.000233709269 1283.000083899517 1409.999062311461 1178.999469943719 1112.000559890344 1065.997867780619 719.0003778946312 816.0003712410253 848.000669232491 931.0008794987106 1072.99964334524 1080.000325079638 1136.000040048323 1193.000485304487 1158.998657425216
848.999060603899 802.0007384929509 946.9987939205842 612.0007459818362 847.999547192924 680.0004161759135 766.0002473904535 997.0013698690364 1281.999012562212 931.999431964551 755.9998794624059 739.0003507510135 796.0000886918472 789.9999547470101 831.9999205303055 917.0000349674931 867.0001511699448 916.0005481966859 983.0000234114459 1065.000811264013 1275.999976507525 1292.999672928033 1114.998882929161 952.0002192778329 1103.998876302832 715.0002255302815 823.0004472138498 993.0009117344616 1309.000467167622 1389.999964876293 1415.000494004001 1453.999155436127 1455.999303058667 1220.999665974444 992.9994916216779 864.9995918185401 830.9998228713976 765.0002006806172 867.9998163020621 842.0002841494287 998.0012159097051 1237.000550898477 1308.998673595769 1107.999669316961
748.9995690145004 730.0003013125945 624.0008329959363 848.9994319512362 723.0012215212868 967.0003519863981 1065.000466093685 1215.000454084675 1062.998900124831 767.9999621082812 858.999958249927 853.000853882156 976.999858368006 901.0002234259732 919.9997747692891 953.0001190986134 995.9994981286588 964.0005171069336 1122.000199409596 1123.000242101711 1198.99946596841 1012.99992242912 865.0006086915626 884.9994690385882 745.0006213121724 679.0006998439567 845.9992458169777 1052.002699268249 1608.998854948166 1337.999928064934 1216.999745405521 1115.999858343143 1255.001710742682 1316.998627424153 1011.999361493597 896.000208783992 1057.000111065209 1019.998667852186 922.0004082031178 866.0001271194927 1158.999920028889 1214.998677301933 1045.001106347606 1191.001073708939
731.0002312216352 699.9999559702949 968.000704131386 934.9983371594118 723.0008875277778 1143.000698848822 1347.999081877444 998.9997510084709 787.9996076308133 837.0008775161703 996.0005890749992 1054.999816540014 938.9999010762983 930.9997658454402 920.9999209816065 939.0002465545731 1027.999711814002 1101.000054576707 1031.000191134877 933.0007122852176 1193.999575467804 990.9995645061119 886.9998370868505 743.000176994535 794.0003024515203 844.0006581885347 1065.998872039915 763.0016460135624 949.0000068070959 1133.99874475776 938.9995741170067 1114.00024150111 1279.999913626234 1157.99918136272 1097.999282633595 1130.000500422017 1146.00071191895 1111.000351404683 1091.999791847017 947.0006095703399 1074.998581763789 960.0004641392134 1097.000837228559 1204.000544011144
694.0006143893791 742.0004174346996 1059.999344786259 715.9994773834344 980.0008887943052 1172.999940541229 914.9993960371423 722.0002903072511 782.0000472468328 911.0001400875671 938.9999829067916 892.9996646396486 855.0005985057173 967.9999143180572 1001.999832040558 938.9999454546414 943.0006886281984 1035.999656757306 935.9998013235929 849.9999120916973 878.0003191933596 922.9993005110143 815.0008115675265 922.0004655350336 885.000775005703 1013.999167482962 1065.000777369788 1034.999115016269 989.000148808654 839.9992659324346 778.0006336205954 964.0009970431518 1035.999060525258 932.0010213210574 1217.00084941167 1285.999356434272 1341.000222071362 1357.999737132978 1168.999562946456 1001.000090676889 936.0006738000357 1202.999788608526 1137.000040262307 1120.000392908131
873.0003544821079 1016.99980993377 766.9992615278159 823.0003146069141 1101.000326102416 954.9992392299305 701.0006538899822 912.0009758113204 1022.999556507858 911.99980856918 937.0000184026749 958.9993277290274 833.0005845942202 943.0002102260926 982.0005678525454 1020.999682912816 944.0003488181374 930.0000942426036 867.0003347682484 1012.000276603056 967.999366622273 860.9995476148629 994.9999274646023 1065.999733468004 993.0006619736196 1173.999534166493 1220.000618142108 1240.999833879522 1250.000258492658 1080.998636493013 792.0000450566301 843.0003910660134 925.9996626318716 1121.999508859531 1075.00005849251 1131.000383227141 1356.999278303167 1402.000002140065 1296.000419388529 1056.999635755012 1133.999025070488 1072.000661119028 1259.999922083331 1146.000439867179
1043.000387018557 959.999487336123 620.0005913638865 1011.000530591827 950.9989604412447 682.0000289283416 757.0006418670594 852.0009611611667 1017.99994045517 1025.000292275443 1072.999882961788 1104.000220137125 928.9994626565066 943.0007135570495 1044.999781793948 1114.000724254111 1050.999624378293 931.9998394059574 882.0001490353862 1023.999944303066 940.0002332448698 1088.999249662135 995.0002864704719 1098.998990740814 1040.00019439857 1150.001065147892 1284.00008762655 1185.999747811593 1120.000197898465 1253.999072602828 927.9992309042632 976.9993253950988 819.0011230326051 1090.000018542459 1231.999342885988 1193.999722752466 1176.000792642131 1186.000450919878 1323.999969891814 1215.000098971031 1229.000275464917 1097.999210793789 1151.000471377013 1235.000823922931
1284.999198958509 1145.999096755848 655.0005740523937 949.9987768660494 666.0011019467426 873.9996391648233 725.000464046445 838.0005754347649 858.0005824990577 931.0005456550721 990.0003691849647 1127.001058018921 1093.999142434282 887.0001650585491 921.0002134603687 943.0009977625239 1077.999667679412 926.9996076126645 934.0002086036966 915.9998247859787 927.0003863960422 1125.000032969669 1166.999601903642 1070.000083067021 994.0007354597192 1237.000267684603 1269.999982111259 1188.000142408514 1122.998524100919 1074.000613243395 1009.999200835773 893.0003252963307 750.0003152512336 997.9999452904409 1010.000418873805 1160.001864368107 1556.999654569166 1425.99860535633 1275.000263208668 1311.001041031901 1543.999093593767 1355.000018246304 1305.000195971223 1426.000854767653
1374.999303531535 1128.998740979595 683.9992005020463 706.0008262661262 970.0005576101639 1032.000049893592 862.9993924122355 808.0006573466367 952.0005700883713 1066.999599264106 1097.000145965307 1241.999299878974 1018.999820204038 919.999764139642 915.000277996503 1072.000604287038 1040.999600490791 914.9997227125172 961.0000976276588 935.9997903156686 882.0001633306081 1026.999876240969 1036.000543876631 1062.000147262571 1019.000135609116 1104.000377184456 1289.000078825007 1139.999927930191 1052.999237038296 990.0002841496309 1035.000324039512 1018.000281692805 980.9990146967759 861.9995263563966 1002.001627267791 1332.000576577182 1520.998073577444 1103.998857539122 1114.001444363444 1347.999667767156 1365.000894600925 1550.999598943176 1551.000477850466 1722.00030561352
1130.998842100443 744.999064207138 829.0004748336419 777.000603978704 1007.001178846009 1159.999591925386 1203.9987472714 945.9996959951052 837.0002910386729 974.0001473047263 991.0001319897187 1115.00064112006 1127.999147373815 902.0003845509995 959.0002438901927 1092.000243991024 1108.999403736482 920.9999611048625 968.0003912025626 1068.999516964265 919.9997696300351 880.0003574530973 1018.00030272555 1117.00044248022 1246.999800245093 1175.000048905924 1298.000499712289 1185.999350759946 1035.999514412494 1094.99989501326 1164.000493717806 1243.000777987419 1255.998703908011 980.9987564367509 858.0005296159494 1119.999760095024 1023.000622727658 937.9990904347653 949.0005404484164 1051.001797989813 1296.999634581246 1376.000007365398 1318.001545527086 1464.000523034124
708.0000153885856 824.0001773051494 1016.001303674304 1112.999962139515 1200.999730775251 1387.000351937123 1372.999319219981 1273.999652864659 1007.999275782907 906.0001542686109 910.0003106175678 1012.000643706437 1132.999311334467 991.0002792723553 989.0003463168612 1138.000419421526 1055.999184588152 968.0001995300734 1160.00004006086 1100.999742925758 1001.999377484782 970.0000364559082 964.0004714807175 1146.999983550103 1274.000039712714 1293.999147024344 1338.999877465979 1164.999225030776 1037.999793307828 1045.000433788444 1161.000520940122 1188.999614428338 1245.999092502065 1155.998494154406 1001.999443565399 781.0006767939266 780.0005276983343 928.9994822800018 853.0007048100207 1095.99991873577 1087.000612693433 1261.998921514399 1160.000945216244 1220.000818266785
945.001085068577 1051.999850949508 1136.000595853044 1152.999795399746 972.0003513435461 1122.001029945316 1285.000816265626 1375.99919062025 1020.999959939676 1160.99995078554 1078.999736374917 1048.999535661715 978.0000042868805 980.0004990286523 1129.000307036483 1130.999930129648 994.9999261420376 1151.000333828475 1219.000618537874 1164.99959060761 1071.999278933809 973.0008095054836 1127.999136393908 1010.000484822415 1191.000397794706 1237.999371594938 1031.000232797727 969.9999482287543 1053.999794996998 973.0000562743252 1057.000011151421 1050.999782333956 860.0000206978472 834.0011341461566 843.0008469591239 909.0009440486126 1001.998254876034 978.9993762823658 888.0006896019359 926.0004299201813 1081.999655996661 1070.000739946318 1127.001145855091 1223.001185162574
1132.00123676924 1193.999568978811 1177.999730762811 883.000143846283 970.0005067648656 1175.999658510805 989.9998257260598 1051.000749049727 1177.000572755793 1286.99970079812 1161.999701797751 1037.999821263307 1022.999756310432 950.0003707253159 1114.000327609552 1275.999557382217 1074.999656491804 1155.000906433642 1326.000506393188 1301.99917662223 1205.999400609334 1091.999762167148 1123.000238667839 1083.999741071307 1080.00051941704 1171.9995186717 983.0000905785718 998.9997378676762 904.0002336839574 861.0004455648891 1048.999312100617 900.0001744426779 879.0008990190249 1215.999098223639 966.0014148454245 1171.999493771967 1170.99897377191 786.000567851126 1083.999413660152 997.0001437927002 1042.000699907401 1267.999879846134 1373.999325730734 1455.000373242684
854.0008380947074 810.0003519204314 984.9991547870149 768.0001850728092 823.999844227456 794.0008594489869 1014.999757315288 1116.000279302145 1169.00037949481 1111.999702461122 1084.999999104367 1050.99997862978 1014.999871157233 948.0000520447248 1062.000688550812 1283.999930915716 1235.00003505802 1227.999349787001 1228.000785016039 1377.999752531689 1339.999693146425 1217.999297284948 1165.000076644328 1126.999583376418 1063.000273197639 1125.999430881362 1077.000499321312 1149.998795909155 948.9992583825745 955.0006759737877 1058.000822237988 1052.999507783212 948.0006479719846 1161.000083481598 1210.001187921527 1395.999325470808 1137.99843934587 805.0000843270916 834.0008495185653 976.0004503986421 1207.999574559433 1243.99948783665 1254.00068836631 1494.999336895779
